"{\"stats\":[{\"event\":\"preview:show\",\"data\":\"feed#8427972350874330310#http://example.com"
"/media/tastyminute/u-menia-svejii-perec-hranitsia-do-sleduiuscego-sezona-ne-nujno-varit-ili-ma"
"rinovat-perec-na-zimu-iz-rabotnicy-5f469dacc783cc14a72ff444#4181960711.449.1600349486351.28307"
"#recc#zen_lib#0###native####-2430645208300728449#publisher#export###plain##feed#CMe6lODCLiABMA"
"JQHw==###CAcSDDI3LjEuNTM4YmU3ZhgCIAAoADAAOABAA0gE######H4sIAAAAAAAAA6tWKi4pys9LTy0uiS-pLEhVslK"
"qTMxLSa0ozUxRqgUA7xQv7h4AAAA#5f469dacc783cc14a72ff444##__offline__###__with_comment_id__#__cli"
"ck_on_comment__#__placeholder_type__#25894,19733,24714,11804,21034,28455,23751,21476,17396,120"
"16,26614,11638,21635,27943,11301,23857,23710,28807,28882,20701,28816,28480,28857,29382,28528,1"
"9505,28660,29168,28646,27133,9717,26796,20885,19392,18490,22953,63,21372,25636,8330,26425,2166"
"9,27134,24316,25863,17791,25937,26958,9280,29487,20793,28993,24639,23150,28709,28726,20342,293"
"10,29132,27626,16588,15795,29492,29196,28073,28805,11781,29473,17406,20089,23347,24711,29206,2"
"9129,23851,26631,10913,25386,18159,29224,29278,14492,15402,20722,11470,15397,14729,29569,12130"
",17816,18500,21035,19485,24614,12046,12048,12050,12051,12034,12035,12042,12043,12054,29135,239"
"91,15379,46,25662,14891,12032,22732,29481,23117,7413,29460,18692,27023,29472,29469,29378,28628"
",28862,6652,29409,10890,15399,26203,25319,28324,27654,25824,21601,28800,20092,9721,27131,12077"
",28341,19605,177,24754,27653,16442,16739,12489,28072,12152,26533,17805,28654,14054,22736,16269"
",17955,27020,27800,27699,27399,13390,12656,9939,28323,26843,29335,17399,23992,10981,18119,1005"
"9,26576,22180,27544,11882,28911,43,20820,13131,28162,27698,28661,26566,19059,16050,21129,29497"
",20658,19054,29073,21205,14097,18965,19619,28627,20763,22551,19837,21371,29074,21486,1###__ser"
"vice_item_type__#__referrer__#__service_action__#__raw_pos__#0#__error__#three_column#zen#0##_"
"_item_height__##__action_type__\",\"ts\":1600349523162}],\"bulk_ts\":1600349524313}"
